# 3ds Max Wavefront OBJ Exporter v0.97b - (c)2007 guruware
# File Created: 12.01.2017 18:30:45

mtllib books.mtl

#
# object book_01
#

v  -0.2255 -0.0100 0.0690
v  -0.1608 -0.0100 -0.1725
v  0.2255 -0.0100 -0.0690
v  0.1608 -0.0100 0.1725
v  -0.2255 0.0100 0.0690
v  0.1608 0.0100 0.1725
v  0.2255 0.0100 -0.0690
v  -0.1608 0.0100 -0.1725
# 8 vertices

vn 0.0000 -1.0000 -0.0000
vn 0.0000 1.0000 -0.0000
vn -0.2588 0.0000 0.9659
vn 0.9659 0.0000 0.2588
vn 0.2588 0.0000 -0.9659
vn -0.9659 0.0000 -0.2588
# 6 vertex normals

vt 1.0000 0.0000 0.0000
vt 1.0000 1.0000 0.0000
vt 0.0000 1.0000 0.0000
vt 0.0000 0.0000 0.0000
# 4 texture coords

g book_01
usemtl Material__7
s off
f 1/1/1 2/2/1 3/3/1 4/4/1 
f 5/4/2 6/1/2 7/2/2 8/3/2 
usemtl Material__3
f 1/4/3 4/1/3 6/2/3 5/3/3 
f 4/4/4 3/1/4 7/2/4 6/3/4 
usemtl Material__7
f 3/4/5 2/1/5 8/2/5 7/3/5 
usemtl Material__3
f 2/4/6 1/1/6 5/2/6 8/3/6 
# 6 polygons

#
# object book_02
#

v  0.2000 -0.0124 -0.1250
v  0.2000 -0.0124 0.1250
v  -0.2000 -0.0124 0.1250
v  -0.2000 -0.0124 -0.1250
v  0.2000 0.0124 -0.1250
v  -0.2000 0.0124 -0.1250
v  -0.2000 0.0124 0.1250
v  0.2000 0.0124 0.1250
# 8 vertices

vn -0.0000 -1.0000 -0.0000
vn 0.0000 1.0000 0.0000
vn 0.0000 0.0000 -1.0000
vn -1.0000 -0.0000 -0.0000
vn -0.0000 -0.0000 1.0000
vn 1.0000 0.0000 0.0000
# 6 vertex normals

vt 1.0000 0.0000 0.0000
vt 1.0000 1.0000 0.0000
vt 0.0000 1.0000 0.0000
vt 0.0000 0.0000 0.0000
# 4 texture coords

g book_02
usemtl Material__4
s off
f 9/5/7 10/6/7 11/7/7 12/8/7 
f 13/8/8 14/5/8 15/6/8 16/7/8 
usemtl Material__3
f 9/8/9 12/5/9 14/6/9 13/7/9 
f 12/8/10 11/5/10 15/6/10 14/7/10 
usemtl Material__4
f 11/8/11 10/5/11 16/6/11 15/7/11 
usemtl Material__3
f 10/8/12 9/5/12 13/6/12 16/7/12 
# 6 polygons

#
# object book_03
#

v  -0.1224 -0.0075 -0.1392
v  0.1702 -0.0075 -0.0734
v  0.1224 -0.0075 0.1392
v  -0.1702 -0.0075 0.0734
v  -0.1702 0.0075 0.0734
v  0.1224 0.0075 0.1392
v  0.1702 0.0075 -0.0734
v  -0.1224 0.0075 -0.1392
# 8 vertices

vn -0.0000 -1.0000 0.0000
vn 0.0000 1.0000 -0.0000
vn -0.2195 0.0000 0.9756
vn 0.9756 -0.0000 0.2194
vn 0.2195 -0.0000 -0.9756
vn -0.9756 0.0000 -0.2194
# 6 vertex normals

vt 1.0000 1.0000 0.0000
vt 0.0000 1.0000 0.0000
vt 0.0000 0.0000 0.0000
vt 1.0000 0.0000 0.0000
# 4 texture coords

g book_03
usemtl Material__4
s off
f 17/9/13 18/10/13 19/11/13 20/12/13 
f 21/11/14 22/12/14 23/9/14 24/10/14 
usemtl Material__3
f 20/11/15 19/12/15 22/9/15 21/10/15 
f 19/11/16 18/12/16 23/9/16 22/10/16 
usemtl Material__4
f 18/11/17 17/12/17 24/9/17 23/10/17 
usemtl Material__3
f 17/11/18 20/12/18 21/9/18 24/10/18 
# 6 polygons

#
# object book_04
#

v  -0.1217 -0.0100 0.1773
v  -0.2072 -0.0100 -0.0576
v  0.1217 -0.0100 -0.1773
v  0.2072 -0.0100 0.0576
v  -0.1217 0.0100 0.1773
v  0.2072 0.0100 0.0576
v  0.1217 0.0100 -0.1773
v  -0.2072 0.0100 -0.0576
# 8 vertices

vn 0.0000 -1.0000 -0.0000
vn 0.0000 1.0000 -0.0000
vn 0.3420 0.0000 0.9397
vn 0.9397 0.0000 -0.3420
vn -0.3420 0.0000 -0.9397
vn -0.9397 0.0000 0.3420
# 6 vertex normals

vt 1.0000 0.0000 0.0000
vt 1.0000 1.0000 0.0000
vt 0.0000 1.0000 0.0000
vt 0.0000 0.0000 0.0000
# 4 texture coords

g book_04
usemtl Material__5
s off
f 25/13/19 26/14/19 27/15/19 28/16/19 
f 29/16/20 30/13/20 31/14/20 32/15/20 
usemtl Material__3
f 25/16/21 28/13/21 30/14/21 29/15/21 
f 28/16/22 27/13/22 31/14/22 30/15/22 
usemtl Material__5
f 27/16/23 26/13/23 32/14/23 31/15/23 
usemtl Material__3
f 26/16/24 25/13/24 29/14/24 32/15/24 
# 6 polygons

#
# object book_05
#

v  0.0348 -0.0073 -0.1739
v  0.1493 -0.0073 0.0956
v  -0.0348 -0.0073 0.1739
v  -0.1493 -0.0073 -0.0956
v  0.0348 0.0073 -0.1739
v  -0.1493 0.0073 -0.0956
v  -0.0348 0.0073 0.1739
v  0.1493 0.0073 0.0956
# 8 vertices

vn 0.0000 -1.0000 -0.0000
vn 0.0000 1.0000 -0.0000
vn -0.3913 0.0000 -0.9203
vn -0.9204 0.0000 0.3911
vn 0.3913 0.0000 0.9203
vn 0.9204 0.0000 -0.3911
# 6 vertex normals

vt 1.0000 0.0000 0.0000
vt 1.0000 1.0000 0.0000
vt 0.0000 1.0000 0.0000
vt 0.0000 0.0000 0.0000
# 4 texture coords

g book_05
usemtl Material__3
s off
f 33/17/25 34/18/25 35/19/25 36/20/25 
usemtl Material__5
f 37/20/26 38/17/26 39/18/26 40/19/26 
usemtl Material__3
f 33/20/27 36/17/27 38/18/27 37/19/27 
f 36/20/28 35/17/28 39/18/28 38/19/28 
f 35/20/29 34/17/29 40/18/29 39/19/29 
f 34/20/30 33/17/30 37/18/30 40/19/30 
# 6 polygons

#
# object book_06
#

v  -0.2094 -0.0075 0.0474
v  -0.1576 -0.0075 -0.1458
v  0.2094 -0.0075 -0.0474
v  0.1576 -0.0075 0.1458
v  -0.2094 0.0075 0.0474
v  0.1576 0.0075 0.1458
v  0.2094 0.0075 -0.0474
v  -0.1576 0.0075 -0.1458
# 8 vertices

vn 0.0000 -1.0000 -0.0000
vn 0.0000 1.0000 -0.0000
vn -0.2588 0.0000 0.9659
vn 0.9659 0.0000 0.2588
vn 0.2588 0.0000 -0.9659
vn -0.9659 0.0000 -0.2588
# 6 vertex normals

vt 1.0000 0.0000 0.0000
vt 1.0000 1.0000 0.0000
vt 0.0000 1.0000 0.0000
vt 0.0000 0.0000 0.0000
# 4 texture coords

g book_06
usemtl Material__8
s off
f 41/21/31 42/22/31 43/23/31 44/24/31 
f 45/24/32 46/21/32 47/22/32 48/23/32 
usemtl Material__3
f 41/24/33 44/21/33 46/22/33 45/23/33 
f 44/24/34 43/21/34 47/22/34 46/23/34 
usemtl Material__8
f 43/24/35 42/21/35 48/22/35 47/23/35 
usemtl Material__3
f 42/24/36 41/21/36 45/22/36 48/23/36 
# 6 polygons

#
# object book_07
#

v  -0.1052 -0.0200 0.1867
v  -0.1932 -0.0200 -0.0926
v  0.1052 -0.0200 -0.1867
v  0.1932 -0.0200 0.0926
v  -0.1052 0.0200 0.1867
v  0.1932 0.0200 0.0926
v  0.1052 0.0200 -0.1867
v  -0.1932 0.0200 -0.0926
# 8 vertices

vn 0.0000 -1.0000 0.0000
vn -0.0000 1.0000 -0.0000
vn 0.3007 0.0000 0.9537
vn 0.9537 0.0000 -0.3007
vn -0.3007 -0.0000 -0.9537
vn -0.9537 0.0000 0.3007
# 6 vertex normals

vt 1.0000 0.0000 0.0000
vt 1.0000 1.0000 0.0000
vt 0.0000 1.0000 0.0000
vt 0.0000 0.0000 0.0000
# 4 texture coords

g book_07
usemtl Material__5
s off
f 49/25/37 50/26/37 51/27/37 52/28/37 
f 53/28/38 54/25/38 55/26/38 56/27/38 
usemtl Material__3
f 49/28/39 52/25/39 54/26/39 53/27/39 
f 52/28/40 51/25/40 55/26/40 54/27/40 
usemtl Material__5
f 51/28/41 50/25/41 56/26/41 55/27/41 
usemtl Material__3
f 50/28/42 49/25/42 53/26/42 56/27/42 
# 6 polygons

#
# object book_08
#

v  -0.1950 -0.0268 -0.0899
v  -0.0363 -0.0268 -0.2116
v  0.1950 -0.0268 0.0899
v  0.0363 -0.0268 0.2116
v  -0.1950 0.0268 -0.0899
v  0.0363 0.0268 0.2116
v  0.1950 0.0268 0.0899
v  -0.0363 0.0268 -0.2116
# 8 vertices

vn -0.0000 -1.0000 0.0000
vn 0.0000 1.0000 -0.0000
vn -0.7934 0.0000 0.6088
vn 0.6088 -0.0000 0.7934
vn 0.7934 -0.0000 -0.6088
vn -0.6088 0.0000 -0.7934
# 6 vertex normals

vt 1.0000 0.0000 0.0000
vt 1.0000 1.0000 0.0000
vt 0.0000 1.0000 0.0000
vt 0.0000 0.0000 0.0000
# 4 texture coords

g book_08
usemtl Material__8
s off
f 57/29/43 58/30/43 59/31/43 60/32/43 
f 61/32/44 62/29/44 63/30/44 64/31/44 
usemtl Material__3
f 57/32/45 60/29/45 62/30/45 61/31/45 
f 60/32/46 59/29/46 63/30/46 62/31/46 
usemtl Material__8
f 59/32/47 58/29/47 64/30/47 63/31/47 
usemtl Material__3
f 58/32/48 57/29/48 61/30/48 64/31/48 
# 6 polygons

