# 3ds Max Wavefront OBJ Exporter v0.97b - (c)2007 guruware
# File Created: 06.01.2017 13:08:53

mtllib books.mtl

#
# object book_01
#

v  1.2412 0.3782 -0.6188
v  1.3059 0.3782 -0.8603
v  1.6923 0.3782 -0.7568
v  1.6276 0.3782 -0.5153
v  1.2412 0.3982 -0.6188
v  1.6276 0.3982 -0.5153
v  1.6923 0.3982 -0.7568
v  1.3059 0.3982 -0.8603
# 8 vertices

vn 0.0000 -1.0000 -0.0000
vn 0.0000 1.0000 -0.0000
vn -0.2588 0.0000 0.9659
vn 0.9659 0.0000 0.2588
vn 0.2588 0.0000 -0.9659
vn -0.9659 0.0000 -0.2588
# 6 vertex normals

vt 1.0000 0.0000 0.0000
vt 1.0000 1.0000 0.0000
vt 0.0000 1.0000 0.0000
vt 0.0000 0.0000 0.0000
# 4 texture coords

g book_01
usemtl Material__12804
s off
f 1/1/1 2/2/1 3/3/1 4/4/1 
f 5/4/2 6/1/2 7/2/2 8/3/2 
usemtl Material__12779
f 1/4/3 4/1/3 6/2/3 5/3/3 
f 4/4/4 3/1/4 7/2/4 6/3/4 
usemtl Material__12804
f 3/4/5 2/1/5 8/2/5 7/3/5 
usemtl Material__12779
f 2/4/6 1/1/6 5/2/6 8/3/6 
# 6 polygons

#
# object book_02
#

v  0.9709 0.6581 2.6324
v  0.9709 0.6581 2.8824
v  0.5709 0.6581 2.8824
v  0.5709 0.6581 2.6324
v  0.9709 0.6828 2.6324
v  0.5709 0.6828 2.6324
v  0.5709 0.6828 2.8824
v  0.9709 0.6828 2.8824
# 8 vertices

vn -0.0000 -1.0000 -0.0000
vn 0.0000 1.0000 0.0000
vn -0.0000 0.0000 -1.0000
vn -1.0000 -0.0000 0.0000
vn 0.0000 -0.0000 1.0000
vn 1.0000 0.0000 -0.0000
# 6 vertex normals

vt 1.0000 0.0000 0.0000
vt 1.0000 1.0000 0.0000
vt 0.0000 1.0000 0.0000
vt 0.0000 0.0000 0.0000
# 4 texture coords

g book_02
usemtl Material__63
s off
f 9/5/7 10/6/7 11/7/7 12/8/7 
f 13/8/8 14/5/8 15/6/8 16/7/8 
usemtl Material__12779
f 9/8/9 12/5/9 14/6/9 13/7/9 
f 12/8/10 11/5/10 15/6/10 14/7/10 
usemtl Material__63
f 11/8/11 10/5/11 16/6/11 15/7/11 
usemtl Material__12779
f 10/8/12 9/5/12 13/6/12 16/7/12 
# 6 polygons

#
# object book_03
#

v  1.0490 0.4066 -1.2937
v  1.3309 0.4066 -1.3963
v  1.4048 0.3782 -1.1932
v  1.1229 0.3782 -1.0906
v  1.1235 0.3930 -1.0888
v  1.4054 0.3930 -1.1914
v  1.3315 0.4215 -1.3944
v  1.0496 0.4215 -1.2918
# 8 vertices

vn -0.0446 -0.9915 -0.1226
vn 0.0446 0.9914 0.1226
vn 0.3391 -0.1307 0.9316
vn 0.9397 0.0000 -0.3420
vn -0.3391 0.1307 -0.9316
vn -0.9397 -0.0002 0.3420
# 6 vertex normals

vt 1.0000 1.0000 0.0000
vt 0.0000 1.0000 0.0000
vt 0.0000 0.0000 0.0000
vt 1.0000 0.0000 0.0000
# 4 texture coords

g book_03
usemtl Material__63
s off
f 17/9/13 18/10/13 19/11/13 20/12/13 
f 21/11/14 22/12/14 23/9/14 24/10/14 
usemtl Material__12779
f 20/11/15 19/12/15 22/9/15 21/10/15 
f 19/11/16 18/12/16 23/9/16 22/10/16 
usemtl Material__63
f 18/11/17 17/12/17 24/9/17 23/10/17 
usemtl Material__12779
f 17/11/18 20/12/18 21/9/18 24/10/18 
# 6 polygons

#
# object book_04
#

v  1.1291 0.3782 -1.2554
v  1.0436 0.3782 -1.4903
v  1.3725 0.3782 -1.6100
v  1.4580 0.3782 -1.3751
v  1.1291 0.3982 -1.2554
v  1.4580 0.3982 -1.3751
v  1.3725 0.3982 -1.6100
v  1.0436 0.3982 -1.4903
# 8 vertices

vn 0.0000 -1.0000 -0.0000
vn 0.0000 1.0000 -0.0000
vn 0.3420 0.0000 0.9397
vn 0.9397 0.0000 -0.3420
vn -0.3420 0.0000 -0.9397
vn -0.9397 0.0000 0.3420
# 6 vertex normals

vt 1.0000 0.0000 0.0000
vt 1.0000 1.0000 0.0000
vt 0.0000 1.0000 0.0000
vt 0.0000 0.0000 0.0000
# 4 texture coords

g book_04
usemtl Material__62
s off
f 25/13/19 26/14/19 27/15/19 28/16/19 
f 29/16/20 30/13/20 31/14/20 32/15/20 
usemtl Material__12779
f 25/16/21 28/13/21 30/14/21 29/15/21 
f 28/16/22 27/13/22 31/14/22 30/15/22 
usemtl Material__62
f 27/16/23 26/13/23 32/14/23 31/15/23 
usemtl Material__12779
f 26/16/24 25/13/24 29/14/24 32/15/24 
# 6 polygons

#
# object book_05
#

v  1.2425 0.4311 -0.7065
v  1.5254 0.4311 -0.6306
v  1.4754 0.3793 -0.4440
v  1.1925 0.3793 -0.5199
v  1.2415 0.4452 -0.7028
v  1.1915 0.3934 -0.5162
v  1.4744 0.3934 -0.4404
v  1.5244 0.4452 -0.6270
# 8 vertices

vn 0.0670 -0.9659 -0.2500
vn -0.0670 0.9659 0.2500
vn -0.9659 -0.0000 -0.2588
vn -0.2500 -0.2588 0.9330
vn 0.9659 0.0000 0.2588
vn 0.2500 0.2588 -0.9330
# 6 vertex normals

vt 1.0000 0.0000 0.0000
vt 1.0000 1.0000 0.0000
vt 0.0000 1.0000 0.0000
vt 0.0000 0.0000 0.0000
# 4 texture coords

g book_05
usemtl Material__12779
s off
f 33/17/25 34/18/25 35/19/25 36/20/25 
usemtl Material__62
f 37/20/26 38/17/26 39/18/26 40/19/26 
usemtl Material__12779
f 33/20/27 36/17/27 38/18/27 37/19/27 
f 36/20/28 35/17/28 39/18/28 38/19/28 
f 35/20/29 34/17/29 40/18/29 39/19/29 
f 34/20/30 33/17/30 37/18/30 40/19/30 
# 6 polygons

#
# object book_06
#

v  1.2080 0.3982 -0.6484
v  1.2598 0.3982 -0.8416
v  1.6269 0.3982 -0.7433
v  1.5751 0.3982 -0.5501
v  1.2080 0.4132 -0.6484
v  1.5751 0.4132 -0.5501
v  1.6269 0.4132 -0.7433
v  1.2598 0.4132 -0.8416
# 8 vertices

vn 0.0000 -1.0000 -0.0000
vn 0.0000 1.0000 -0.0000
vn -0.2588 0.0000 0.9659
vn 0.9659 0.0000 0.2588
vn 0.2588 0.0000 -0.9659
vn -0.9659 0.0000 -0.2588
# 6 vertex normals

vt 1.0000 0.0000 0.0000
vt 1.0000 1.0000 0.0000
vt 0.0000 1.0000 0.0000
vt 0.0000 0.0000 0.0000
# 4 texture coords

g book_06
usemtl Material__60
s off
f 41/21/31 42/22/31 43/23/31 44/24/31 
f 45/24/32 46/21/32 47/22/32 48/23/32 
usemtl Material__12779
f 41/24/33 44/21/33 46/22/33 45/23/33 
f 44/24/34 43/21/34 47/22/34 46/23/34 
usemtl Material__60
f 43/24/35 42/21/35 48/22/35 47/23/35 
usemtl Material__12779
f 42/24/36 41/21/36 45/22/36 48/23/36 
# 6 polygons

#
# object book_07
#

v  0.6505 0.7365 2.9198
v  0.5624 0.7365 2.6405
v  0.8608 0.7365 2.5464
v  0.9489 0.7365 2.8257
v  0.6505 0.7765 2.9198
v  0.9489 0.7765 2.8257
v  0.8608 0.7765 2.5464
v  0.5624 0.7765 2.6405
# 8 vertices

vn 0.0000 -1.0000 0.0000
vn -0.0000 1.0000 -0.0000
vn 0.3007 0.0000 0.9537
vn 0.9537 0.0000 -0.3007
vn -0.3007 -0.0000 -0.9537
vn -0.9537 0.0000 0.3007
# 6 vertex normals

vt 1.0000 0.0000 0.0000
vt 1.0000 1.0000 0.0000
vt 0.0000 1.0000 0.0000
vt 0.0000 0.0000 0.0000
# 4 texture coords

g book_07
usemtl Material__62
s off
f 49/25/37 50/26/37 51/27/37 52/28/37 
f 53/28/38 54/25/38 55/26/38 56/27/38 
usemtl Material__12779
f 49/28/39 52/25/39 54/26/39 53/27/39 
f 52/28/40 51/25/40 55/26/40 54/27/40 
usemtl Material__62
f 51/28/41 50/25/41 56/26/41 55/27/41 
usemtl Material__12779
f 50/28/42 49/25/42 53/26/42 56/27/42 
# 6 polygons

#
# object book_08
#

v  0.5716 0.6828 2.6615
v  0.7303 0.6828 2.5397
v  0.9616 0.6828 2.8412
v  0.8029 0.6828 2.9629
v  0.5716 0.7365 2.6615
v  0.8029 0.7365 2.9629
v  0.9616 0.7365 2.8412
v  0.7303 0.7365 2.5397
# 8 vertices

vn -0.0000 -1.0000 0.0000
vn 0.0000 1.0000 -0.0000
vn -0.7934 0.0000 0.6088
vn 0.6088 -0.0000 0.7934
vn 0.7934 -0.0000 -0.6088
vn -0.6088 0.0000 -0.7934
# 6 vertex normals

vt 1.0000 0.0000 0.0000
vt 1.0000 1.0000 0.0000
vt 0.0000 1.0000 0.0000
vt 0.0000 0.0000 0.0000
# 4 texture coords

g book_08
usemtl Material__60
s off
f 57/29/43 58/30/43 59/31/43 60/32/43 
f 61/32/44 62/29/44 63/30/44 64/31/44 
usemtl Material__12779
f 57/32/45 60/29/45 62/30/45 61/31/45 
f 60/32/46 59/29/46 63/30/46 62/31/46 
usemtl Material__60
f 59/32/47 58/29/47 64/30/47 63/31/47 
usemtl Material__12779
f 58/32/48 57/29/48 61/30/48 64/31/48 
# 6 polygons

